2.000000000000000000e+00 1.272100000000000000e+05 2.098503410816192627e-01 9.412999749183654785e-01 5.400000000000000000e+04 1.534842252721998923e+00 4.840232766708315736e-04 9.712582984371226011e-03
2.000000000000000000e+00 1.351600000000000000e+05 2.070315927267074585e-01 9.411000013351440430e-01 5.400000000000000000e+04 1.582075523786068416e+00 3.409369247536511130e-04 9.709229051527082724e-03
2.000000000000000000e+00 1.431100000000000000e+05 2.057656049728393555e-01 9.426000118255615234e-01 5.400000000000000000e+04 1.627938937793793617e+00 3.785207555917147670e-04 9.928559758812795580e-03
2.000000000000000000e+00 1.510600000000000000e+05 2.035458534955978394e-01 9.427999854087829590e-01 5.400000000000000000e+04 1.672545188450048403e+00 3.273662269535640651e-04 1.048166663707299044e-02
2.000000000000000000e+00 1.590100000000000000e+05 1.963439881801605225e-01 9.451000094413757324e-01 5.400000000000000000e+04 1.715992316308447174e+00 4.887789525794109012e-04 1.095961320243920255e-02
2.000000000000000000e+00 1.669600000000000000e+05 1.990347951650619507e-01 9.437999725341796875e-01 5.400000000000000000e+04 1.758366245084297619e+00 3.351455777987848010e-04 1.071140724693469236e-02
2.000000000000000000e+00 1.749100000000000000e+05 1.913048923015594482e-01 9.451000094413757324e-01 5.400000000000000000e+04 1.799742779975536999e+00 2.914506417090680004e-04 1.099592497638658510e-02
2.000000000000000000e+00 1.828600000000000000e+05 1.964291185140609741e-01 9.445000290870666504e-01 5.400000000000000000e+04 1.840189201222606874e+00 4.973686636083868686e-04 1.176458950584081085e-02
2.000000000000000000e+00 1.908100000000000000e+05 1.915465891361236572e-01 9.462000131607055664e-01 5.400000000000000000e+04 1.879765548816798360e+00 4.398197206117705977e-04 1.208034253257474731e-02
2.000000000000000000e+00 1.987600000000000000e+05 1.892530322074890137e-01 9.473999738693237305e-01 5.400000000000000000e+04 1.918525668512345073e+00 3.893515156220677949e-04 1.190806512114606780e-02
2.000000000000000000e+00 2.067100000000000000e+05 1.828952431678771973e-01 9.484999775886535645e-01 5.400000000000000000e+04 1.956518071207869802e+00 4.839687565602916134e-04 1.265894579630202736e-02
2.000000000000000000e+00 2.146600000000000000e+05 1.829579323530197144e-01 9.477000236511230469e-01 5.400000000000000000e+04 1.993786644850743528e+00 3.108089280853668416e-04 1.244917023282891486e-02
2.000000000000000000e+00 2.226100000000000000e+05 1.751374453306198120e-01 9.503999948501586914e-01 5.400000000000000000e+04 2.030371248665476802e+00 3.050284084702985948e-04 1.276695396317533912e-02
2.000000000000000000e+00 2.305600000000000000e+05 1.809041798114776611e-01 9.495999813079833984e-01 5.400000000000000000e+04 2.066308212641480235e+00 4.528429993120470782e-04 1.334300813784974893e-02
2.000000000000000000e+00 2.385100000000000000e+05 1.836098134517669678e-01 9.470000267028808594e-01 5.400000000000000000e+04 2.101630760112692009e+00 4.588067207389966672e-04 1.368351841231064264e-02
2.000000000000000000e+00 2.464600000000000000e+05 1.714787483215332031e-01 9.505000114440917969e-01 5.400000000000000000e+04 2.136369367425510202e+00 6.404121452576155404e-04 1.402634583692824281e-02
