3.000000000000000000e+00 4.015000000000000000e+03 8.659999966621398926e-01 5.400000000000000000e+04 2.726753598179561533e-01 1.213327498419005225e-03 6.878807986224139484e-04
3.000000000000000000e+00 8.070000000000000000e+03 9.241999983787536621e-01 5.400000000000000000e+04 3.865804501581067143e-01 4.386290127923849944e-04 6.251096019038447941e-04
3.000000000000000000e+00 1.217500000000000000e+04 9.358000159263610840e-01 5.400000000000000000e+04 4.748294040631466095e-01 7.358520240611928723e-04 7.051751525313765777e-04
3.000000000000000000e+00 1.633000000000000000e+04 9.463999867439270020e-01 5.400000000000000000e+04 5.499158184735254418e-01 7.658595808510937049e-04 7.512639981729012746e-04
3.000000000000000000e+00 2.053500000000000000e+04 9.484000205993652344e-01 5.400000000000000000e+04 6.166666666666666963e-01 6.605597215955513399e-04 7.352390112700285833e-04
3.000000000000000000e+00 2.479000000000000000e+04 9.598000049591064453e-01 5.400000000000000000e+04 6.775500528182948345e-01 4.462410751082279583e-04 7.700861118457935986e-04
3.000000000000000000e+00 2.909500000000000000e+04 9.570000171661376953e-01 5.400000000000000000e+04 7.340274492798591899e-01 8.320206113981156674e-04 8.415014832108109154e-04
3.000000000000000000e+00 3.345000000000000000e+04 9.632999897003173828e-01 5.400000000000000000e+04 7.870479302078396966e-01 5.211716172778245188e-04 8.408743717052318337e-04
3.000000000000000000e+00 3.785500000000000000e+04 9.674999713897705078e-01 5.400000000000000000e+04 8.372684865194189863e-01 3.653846340944401057e-04 8.592260237093325009e-04
3.000000000000000000e+00 4.231000000000000000e+04 9.684000015258789062e-01 5.400000000000000000e+04 8.851658141379605826e-01 3.133283201861683563e-04 8.614237043592664917e-04
3.000000000000000000e+00 4.681500000000000000e+04 9.692999720573425293e-01 5.400000000000000000e+04 9.310985148975614578e-01 7.129589647671591467e-04 9.178171599352801056e-04
3.000000000000000000e+00 5.137000000000000000e+04 9.714000225067138672e-01 5.400000000000000000e+04 9.753441937574121035e-01 3.571900288892998205e-04 9.170086383819580538e-04
3.000000000000000000e+00 5.597500000000000000e+04 9.697999954223632812e-01 5.400000000000000000e+04 1.018122818757184245e+00 6.199812600025648599e-04 9.420159657796224389e-04
3.000000000000000000e+00 6.063000000000000000e+04 9.708999991416931152e-01 5.400000000000000000e+04 1.059612088350155634e+00 4.092705918199742018e-04 9.516052669949001544e-04
3.000000000000000000e+00 6.533500000000000000e+04 9.735999703407287598e-01 5.400000000000000000e+04 1.099957911652717391e+00 4.321380043253813500e-04 9.794178362245913125e-04
3.000000000000000000e+00 7.009000000000000000e+04 9.749000072479248047e-01 5.400000000000000000e+04 1.139281775050826839e+00 3.738746153950794101e-04 9.810508092244465874e-04
3.000000000000000000e+00 7.489500000000000000e+04 9.746999740600585938e-01 5.400000000000000000e+04 1.177686055128634335e+00 4.271740855098417745e-04 1.010487379851164646e-03
3.000000000000000000e+00 7.975000000000000000e+04 9.764000177383422852e-01 5.400000000000000000e+04 1.215257936345964351e+00 6.242021979792933576e-04 1.040119118160671725e-03
3.000000000000000000e+00 8.465500000000000000e+04 9.771999716758728027e-01 5.400000000000000000e+04 1.252072356209969595e+00 6.496998521341558822e-04 1.058320910842330343e-03
3.000000000000000000e+00 8.961000000000000000e+04 9.754999876022338867e-01 5.400000000000000000e+04 1.288194257262639919e+00 4.144185690042376095e-04 1.062851693895128062e-03
3.000000000000000000e+00 9.461500000000000000e+04 9.764999747276306152e-01 5.400000000000000000e+04 1.323680335137464192e+00 5.836358623192452978e-04 1.088727156321207768e-03
3.000000000000000000e+00 9.967000000000000000e+04 9.756000041961669922e-01 5.400000000000000000e+04 1.358580413792551678e+00 5.923054136454665138e-04 1.103340820029929774e-03
3.000000000000000000e+00 1.047750000000000000e+05 9.769999980926513672e-01 5.400000000000000000e+04 1.392938540560127336e+00 4.792338366340279229e-04 1.118655089978818533e-03
3.000000000000000000e+00 1.099300000000000000e+05 9.767000079154968262e-01 5.400000000000000000e+04 1.426793867641973357e+00 6.581475845777552203e-04 1.131766442899350853e-03
3.000000000000000000e+00 1.151350000000000000e+05 9.776999950408935547e-01 5.400000000000000000e+04 1.460181368744865704e+00 4.921758021830804561e-04 1.134710718084264722e-03
3.000000000000000000e+00 1.203900000000000000e+05 9.768999814987182617e-01 5.400000000000000000e+04 1.493132426961669257e+00 7.110706251517915060e-04 1.171065171559651681e-03
3.000000000000000000e+00 1.256950000000000000e+05 9.792000055313110352e-01 5.400000000000000000e+04 1.525675321025147024e+00 7.321998359245818341e-04 1.183922538050898770e-03
3.000000000000000000e+00 1.310500000000000000e+05 9.792000055313110352e-01 5.400000000000000000e+04 1.557835630563074503e+00 6.644457496757977298e-04 1.188835567898220485e-03
3.000000000000000000e+00 1.364550000000000000e+05 9.781000018119812012e-01 5.400000000000000000e+04 1.589636576216225894e+00 5.037877792676603893e-04 1.191518448017261662e-03
3.000000000000000000e+00 1.419100000000000000e+05 9.800000190734863281e-01 5.400000000000000000e+04 1.621099306940497975e+00 7.368404100485359239e-04 1.217176313753481247e-03
3.000000000000000000e+00 1.474150000000000000e+05 9.789000153541564941e-01 5.400000000000000000e+04 1.652243144155062682e+00 2.827484172714145078e-04 1.220555738166526506e-03
3.000000000000000000e+00 1.529700000000000000e+05 9.787999987602233887e-01 5.400000000000000000e+04 1.683085790379616364e+00 8.198997136699059593e-04 1.250344611980296972e-03
3.000000000000000000e+00 1.585750000000000000e+05 9.790999889373779297e-01 5.400000000000000000e+04 1.713643508456200060e+00 4.532854557336252026e-04 1.254193058720341541e-03
3.000000000000000000e+00 1.642300000000000000e+05 9.794999957084655762e-01 5.400000000000000000e+04 1.743931276253825491e+00 6.671985593865203176e-04 1.269394132826063377e-03
3.000000000000000000e+00 1.699350000000000000e+05 9.786000251770019531e-01 5.400000000000000000e+04 1.773962920820061573e+00 6.366592982204200696e-04 1.276885951006853951e-03
3.000000000000000000e+00 1.756900000000000000e+05 9.804999828338623047e-01 5.400000000000000000e+04 1.803751235209145598e+00 6.439900820620617821e-04 1.299801349639892510e-03
3.000000000000000000e+00 1.814950000000000000e+05 9.803000092506408691e-01 5.400000000000000000e+04 1.833308080634162840e+00 5.825852905754760544e-04 1.302476353115505697e-03
3.000000000000000000e+00 1.873500000000000000e+05 9.800000190734863281e-01 5.400000000000000000e+04 1.862644476126467996e+00 5.432550262268160497e-04 1.305258221096462648e-03
3.000000000000000000e+00 1.932550000000000000e+05 9.799000024795532227e-01 5.400000000000000000e+04 1.891770677512551124e+00 5.679671026731750345e-04 1.321847739043059081e-03
