3.000000000000000000e+00 8.961000000000000000e+04 9.751999974250793457e-01 5.400000000000000000e+04 1.288194257262639919e+00 3.775233771724633976e-04 1.073799945690013776e-03
3.000000000000000000e+00 9.461500000000000000e+04 9.760000109672546387e-01 5.400000000000000000e+04 1.323680335137464192e+00 5.984539849156721159e-04 1.093138712423819166e-03
3.000000000000000000e+00 9.967000000000000000e+04 9.756000041961669922e-01 5.400000000000000000e+04 1.358580413792551678e+00 5.923054136454665138e-04 1.103340820029929774e-03
3.000000000000000000e+00 1.047750000000000000e+05 9.769999980926513672e-01 5.400000000000000000e+04 1.392938540560127336e+00 4.792338366340279229e-04 1.118655089978818533e-03
3.000000000000000000e+00 1.099300000000000000e+05 9.767000079154968262e-01 5.400000000000000000e+04 1.426793867641973357e+00 6.581475845777552203e-04 1.131766442899350853e-03
3.000000000000000000e+00 1.151350000000000000e+05 9.776999950408935547e-01 5.400000000000000000e+04 1.460181368744865704e+00 4.921758021830804561e-04 1.134710718084264722e-03
3.000000000000000000e+00 1.203900000000000000e+05 9.768999814987182617e-01 5.400000000000000000e+04 1.493132426961669257e+00 7.110706251517915060e-04 1.171065171559651681e-03
3.000000000000000000e+00 1.256950000000000000e+05 9.792000055313110352e-01 5.400000000000000000e+04 1.525675321025147024e+00 7.321998359245818341e-04 1.183922538050898770e-03
3.000000000000000000e+00 1.310500000000000000e+05 9.792000055313110352e-01 5.400000000000000000e+04 1.557835630563074503e+00 6.644457496757977298e-04 1.188835567898220485e-03
3.000000000000000000e+00 1.364550000000000000e+05 9.781000018119812012e-01 5.400000000000000000e+04 1.589636576216225894e+00 5.037877792676603893e-04 1.191518448017261662e-03
3.000000000000000000e+00 1.419100000000000000e+05 9.800000190734863281e-01 5.400000000000000000e+04 1.621099306940497975e+00 7.368404100485359239e-04 1.217176313753481247e-03
3.000000000000000000e+00 1.474150000000000000e+05 9.789000153541564941e-01 5.400000000000000000e+04 1.652243144155062682e+00 2.827484172714145078e-04 1.220555738166526506e-03
