3.000000000000000000e+00 4.015000000000000000e+03 8.659999966621398926e-01 5.400000000000000000e+04 2.726753598179561533e-01 1.213327498419005225e-03 6.878807986224139484e-04
3.000000000000000000e+00 8.070000000000000000e+03 9.241999983787536621e-01 5.400000000000000000e+04 3.865804501581067143e-01 4.386290127923849944e-04 6.251096019038447941e-04
3.000000000000000000e+00 1.217500000000000000e+04 9.358000159263610840e-01 5.400000000000000000e+04 4.748294040631466095e-01 7.358520240611928723e-04 7.051751525313765777e-04
3.000000000000000000e+00 1.633000000000000000e+04 9.463999867439270020e-01 5.400000000000000000e+04 5.499158184735254418e-01 7.658595808510937049e-04 7.512639981729012746e-04
3.000000000000000000e+00 2.053500000000000000e+04 9.484000205993652344e-01 5.400000000000000000e+04 6.166666666666666963e-01 6.605597215955513399e-04 7.352390112700285833e-04
3.000000000000000000e+00 2.479000000000000000e+04 9.598000049591064453e-01 5.400000000000000000e+04 6.775500528182948345e-01 4.462410751082279583e-04 7.700861118457935986e-04
3.000000000000000000e+00 2.909500000000000000e+04 9.570000171661376953e-01 5.400000000000000000e+04 7.340274492798591899e-01 8.320206113981156674e-04 8.415014832108109154e-04
3.000000000000000000e+00 3.345000000000000000e+04 9.632999897003173828e-01 5.400000000000000000e+04 7.870479302078396966e-01 5.211716172778245188e-04 8.408743717052318337e-04
3.000000000000000000e+00 3.785500000000000000e+04 9.674999713897705078e-01 5.400000000000000000e+04 8.372684865194189863e-01 3.653846340944401057e-04 8.592260237093325009e-04
3.000000000000000000e+00 4.231000000000000000e+04 9.684000015258789062e-01 5.400000000000000000e+04 8.851658141379605826e-01 3.133283201861683563e-04 8.614237043592664917e-04
3.000000000000000000e+00 4.681500000000000000e+04 9.692999720573425293e-01 5.400000000000000000e+04 9.310985148975614578e-01 7.129589647671591467e-04 9.178171599352801056e-04
