1.000000000000000000e+00 7.850000000000000000e+03 9.275000095367431641e-01 5.400000000000000000e+04 3.812746652616331167e-01 3.835381119339554418e-03 2.889966046368634082e-03
2.000000000000000000e+00 7.960000000000000000e+03 9.419000148773193359e-01 5.400000000000000000e+04 3.839367231815776771e-01 1.580030693048171953e-02 1.634010668154115995e-03
3.000000000000000000e+00 8.070000000000000000e+03 9.370999932289123535e-01 5.400000000000000000e+04 3.865804501581067143e-01 5.133795622718704404e-02 1.478064519387704357e-03
4.000000000000000000e+00 8.180000000000000000e+03 9.401000142097473145e-01 5.400000000000000000e+04 3.892062197363776455e-01 2.817715241379269431e-01 1.808584654772723253e-03
5.000000000000000000e+00 8.290000000000000000e+03 9.399999976158142090e-01 5.400000000000000000e+04 3.918143929445657148e-01 4.707658815105282279e-01 1.804936400166264315e-03
6.000000000000000000e+00 8.400000000000000000e+03 9.369000196456909180e-01 5.400000000000000000e+04 3.944053188733077642e-01 2.925513793638032656e+00 1.944412231445312531e-03
7.000000000000000000e+00 8.510000000000000000e+03 9.384999871253967285e-01 5.400000000000000000e+04 3.969793352211076765e-01 6.068264078035802811e+00 2.203823954970748466e-03
8.000000000000000000e+00 8.620000000000000000e+03 9.394000172615051270e-01 5.400000000000000000e+04 3.995367688081156166e-01 1.154209908440462051e+01 2.082319824783890501e-03
9.000000000000000000e+00 8.730000000000000000e+03 9.276000261306762695e-01 5.400000000000000000e+04 4.020779360604939123e-01 1.208628788655957464e+02 2.264572470276443941e-03
1.000000000000000000e+01 8.840000000000000000e+03 9.283000230789184570e-01 5.400000000000000000e+04 4.046031434674027816e-01 8.423266381235739573e+02 2.491919570498996126e-03
1.100000000000000000e+01 8.950000000000000000e+03 1.134999990463256836e-01 5.400000000000000000e+04 4.071126880124724678e-01 7.083830174072351144e-19 6.941898884596647834e-04
1.200000000000000000e+01 9.060000000000000000e+03 9.300000071525573730e-01 5.400000000000000000e+04 4.096068575814835744e-01 8.349149036172217393e+02 2.791970968246459961e-03
1.300000000000000000e+01 9.170000000000000000e+03 9.323999881744384766e-01 5.400000000000000000e+04 4.120859313478377195e-01 1.532074801674057198e+03 2.886926315448902405e-03
1.400000000000000000e+01 9.280000000000000000e+03 1.134999990463256836e-01 5.400000000000000000e+04 4.145501801372806772e-01 5.053020925507221708e-22 8.628671743251659738e-04
1.500000000000000000e+01 9.390000000000000000e+03 8.988000154495239258e-01 5.400000000000000000e+04 4.169998667732268127e-01 2.839333955734526171e+04 3.123935558177806920e-03
1.600000000000000000e+01 9.500000000000000000e+03 9.057000279426574707e-01 5.400000000000000000e+04 4.194352464039305395e-01 1.171399698204972083e+04 2.977692621725576937e-03
